30 30
111111111111111111111111111111
100000000000000000000000000001
100000000000000000000000000001 
100000000000000000000000000001 
100000000000000000000000000001 
100000000000000000000000000001 
100011111110000000000000000001
100010000010000000000000000001 
100011221110000000000000000001  
100000000000000000000000000001  
100000000000000000000000000001  
100000000000000000000000000001  
100000000000000000000000000001  
100000000000000000000000000001  
100000000000000000000000000001  
100000000000000000000000000001  
100000000000000000000000000001  
100000000000000000000000000001  
100000000000000000000000000001  
100000000000000000000000000001 
100000000000000000000000000002 
100000000000000000000000000002  
100000000000000000000000000001  
100000000000000000000000000001  
100000000000000000000000000001  
100000000000000000000000000001  
100000000000000000000000000001 
100000000000000000000000000001 
100000000000000000000000000001  
111111111111111111111111111111 
26 19